FRAMES = 10
HIGH = 1.33027
LOW = 0.175776
AVG = 0.905172
