FRAMES = 10
HIGH = 5.59051
LOW = 5.41431
AVG = 5.53106
